2 1703 734 20 35
2 1705 741 19 32
2 1710 752 21 35
2 1712 767 19 34
2 1715 779 18 33
2 1718 799 21 37
2 1905 836 26 41
2 2382 997 21 35
2 2454 1034 19 23
2 2603 1119 17 31
2 3092 1335 22 39
2 3185 1312 21 38
2 3235 1304 23 38
2 3323 1295 21 40
2 3446 1296 25 43
2 3484 1306 28 45
2 3524 1310 27 43
2 3660 1363 22 39
2 3732 1414 19 40
2 3730 1412 21 42
2 3720 1412 23 40
4 488 452 33 50
4 507 473 30 51
4 525 492 30 51
4 542 514 31 53
4 561 540 30 50
4 587 556 30 48
4 613 568 34 52
4 643 577 34 53
4 677 593 38 59
4 713 616 35 54
4 753 648 38 69
4 789 674 38 61
4 833 709 32 51
4 883 758 39 55
4 931 806 36 58
4 985 862 41 68
4 1039 931 42 64
4 1096 1006 42 68
4 1170 1094 46 58
4 1241 1188 43 63
4 1320 1292 51 83
4 1399 1408 55 79
4 1546 1585 47 73
4 1595 1555 41 64
4 1637 1522 52 74
4 1683 1504 58 68
4 1738 1484 61 85
4 1786 1469 58 78
4 1843 1460 71 88
4 1900 1458 63 75
4 1962 1460 67 89
4 2027 1459 70 97
4 2095 1481 65 89
4 2169 1502 76 96
4 2242 1528 63 87
4 2316 1562 82 101
4 2393 1605 90 98
4 2478 1660 68 95
4 2563 1713 84 97
4 2647 1782 83 103
4 2734 1857 74 106
4 2809 1933 63 101
4 2804 1921 60 96
4 2810 1917 78 98
4 2800 1915 66 98
4 2812 1919 92 103
4 2811 1922 84 97
4 2822 1941 61 88
5 3707 1486 65 83
5 3707 1486 65 84
5 3706 1486 65 83
5 3706 1486 66 83
5 3706 1486 66 82
5 3706 1487 66 82
5 3706 1487 66 82
5 3706 1487 66 82
5 3705 1487 66 81
5 3705 1487 65 81
5 3705 1487 65 81
5 3705 1487 65 81
5 3705 1487 65 81
5 3705 1487 65 81
5 3705 1488 65 81
5 3705 1488 66 80
5 3705 1487 65 80
5 3705 1488 65 80
5 3705 1488 65 81
5 123 115 30 49
5 139 84 32 57
5 3705 1488 65 81
5 163 21 26 30
5 3705 1488 65 81
5 3705 1488 65 81
5 3705 1488 65 80
5 3705 1488 65 80
5 3705 1488 65 80
5 3705 1488 65 81
5 3705 1488 65 81
5 3705 1488 65 81
5 3705 1488 65 81
5 3705 1488 66 81
5 3705 1488 65 81
5 3705 1488 66 81
5 3705 1488 66 81
5 3705 1488 66 81
5 3704 1488 65 80
5 3704 1488 66 81
5 3705 1488 65 81
5 3705 1488 65 81
5 3704 1488 66 81
5 3704 1488 67 78
5 3704 1488 67 79
5 3704 1488 66 79
5 3704 1488 66 79
5 3704 1488 66 80
5 3704 1488 66 80
5 3705 1488 66 79
6 1654 899 43 63
6 1544 870 43 65
6 1446 849 37 57
6 1369 835 38 55
6 3441 935 16 30
6 3441 935 16 30
6 3441 935 16 30
6 3441 935 16 30
6 3441 935 16 30
6 3441 935 16 29
6 995 855 24 43
6 963 867 23 40
6 3441 935 16 30
6 912 900 23 41
6 890 916 21 35
6 867 902 22 37
6 3441 934 16 30
6 3441 934 16 29
6 3441 934 16 29
6 793 780 21 37
6 778 756 21 35
6 762 737 21 37
6 3441 935 16 29
6 3441 934 16 29
6 3441 934 16 29
6 3441 934 16 29
6 3441 934 16 29
6 3441 934 16 29
6 3441 934 16 29
6 3441 934 16 29
6 3441 934 16 29
6 3441 934 15 29
6 3441 934 15 29
6 3441 934 15 29
6 3441 934 15 29
6 3441 934 15 29
6 3441 934 15 29
6 3441 934 15 29
6 3441 935 15 29
6 3441 935 15 29
6 3441 934 15 28
6 3441 934 16 30
6 3441 934 16 30
6 3441 935 15 30
6 3441 934 15 30
6 3441 934 15 30
6 3441 934 16 30
6 3442 934 15 30
6 3441 934 15 30
7 1316 890 16 30
7 1316 890 16 30
7 1888 993 34 56
7 1315 890 16 29
7 1315 890 16 30
7 1315 890 16 30
7 1315 891 17 31
7 1315 891 17 31
7 1315 891 17 31
7 1182 1395 38 57
7 1078 1485 39 63
7 1316 891 17 31
7 1316 891 16 30
7 1316 891 16 30
7 642 1837 47 72
7 564 1804 41 70
7 1316 891 16 29
7 1316 891 16 29
7 325 1722 63 79
7 235 1694 48 70
7 156 1684 54 73
7 1316 891 16 30
7 1316 891 16 30
7 1316 891 17 31
7 1316 891 17 31
7 1316 891 17 31
7 1316 891 17 31
7 1316 891 17 31
7 1316 891 17 31
7 1316 891 17 31
7 1316 891 17 31
7 1316 891 17 31
7 1316 891 17 31
7 1316 891 17 31
7 1316 891 17 31
7 1316 891 17 31
7 1316 891 17 31
7 1316 891 17 31
7 1316 891 17 32
7 1315 891 17 32
7 1315 891 17 32
7 1316 891 18 35
7 1316 891 18 35
7 1316 891 18 35
7 1316 891 18 35
7 1316 891 18 35
7 1316 891 18 35
7 1316 891 18 35
7 1317 891 18 35
8 3720 177 43 70
8 2266 468 57 82
8 2099 543 72 99
8 1913 611 68 84
8 1723 693 70 90
8 1547 791 66 103
8 1381 862 57 84
8 1285 797 62 81
8 1181 742 54 70
8 1078 686 63 83
8 982 634 71 97
8 874 592 61 89
8 774 560 59 85
8 581 501 61 90
8 479 477 53 82
8 297 443 54 77
8 199 442 57 100
12 1539 533 17 29
12 1549 544 17 31
12 1557 556 18 28
12 1564 569 14 26
12 1571 584 16 28
12 1580 600 16 33
12 2635 1278 17 33
12 1558 610 15 27
12 1544 618 13 26
12 1529 631 17 30
12 2634 1278 16 32
12 2635 1278 16 32
12 2635 1278 16 32
12 1463 698 20 35
12 2635 1278 16 32
12 2634 1278 16 32
12 2634 1278 16 32
12 2635 1278 16 32
12 2635 1278 16 32
12 2635 1278 16 32
12 2635 1278 16 32
12 1279 1020 25 42
12 1254 1086 25 45
12 1221 1154 22 38
12 1205 1179 22 38
12 1187 1167 26 40
12 1172 1158 24 40
12 1157 1150 26 42
12 1139 1146 28 46
12 1115 1143 23 42
12 1099 1144 28 46
12 1077 1147 31 49
12 1055 1157 32 51
12 1029 1165 30 46
12 1009 1179 31 51
12 980 1197 38 54
12 954 1220 36 54
12 926 1247 31 54
12 903 1277 29 52
12 864 1315 33 54
12 838 1352 40 57
12 809 1400 35 55
12 776 1450 37 59
12 758 1501 28 49
12 768 1497 28 49
12 774 1494 33 50
12 783 1495 38 56
12 794 1501 35 54
12 806 1508 37 54
13 2002 345 22 36
13 2050 365 23 40
13 2091 388 30 43
13 2251 391 26 43
13 2274 362 25 42
13 2294 336 24 42
13 2316 312 25 44
13 2338 291 20 37
13 2396 245 23 37
13 2467 213 25 43
13 2562 226 20 37
13 2547 231 19 36
13 2537 240 19 35
13 2532 246 20 35
13 2527 257 21 38
13 2522 266 22 37
13 2516 278 20 38
13 2509 288 18 33
13 2506 303 20 36
13 2498 319 19 33
13 2489 337 22 39
13 2487 353 23 40
13 2484 354 21 37
